10
0 0 254 185 76 227 84 175 0 0
10
0 0 251 199 176 27 184 75 0 0
11
0 0 118 90 243 178 99 100 200 0 0
12
0 0 40 50 64 72 84 11 19 64 0 0
13
0 0 77 88 11 59 19 5 8 39 100 0 0
14
0 0 30 99 50 88 64 72 84 15 19 64 0 0
15
0 0 111 174 121 160 251 253 240 199 187 169 175 0 0
19
0 0 111 199 174 121 199 160 251 187 253 240 240 199 187 169 175 0 0
100
0 0 225 214 82 73 241 233 179 219 135 62 36 13 6 71 179 77 67 139 31 90 9 37 93 203 150 69 19 137 28 174 32 80 64 54 18 0 158 73 173 20 0 102 107 48 50 161 246 145 225 31 0 153 185 157 44 126 153 233 0 201 83 103 191 0 45 0 131 87 97 105 97 209 157 22 0 29 132 74 2 232 44 203 0 51 0 244 212 212 89 53 50 244 207 144 72 143 0 0
